01112                                                                   01112
3   3 ENTREE                                                     SORTIE 3   3
3   3                                                   Total b payer : 3   3
3   3                                                            wc 3   3
41115666666666666666666666666666666666666666666666666666666666666666666671118
3                                                                           3
3                                                                           3
3                                                                           3
3   3   3   3   3   3   3   3   3   3   3   3   3   3   3   3   3   3   3   3
3   3   3   3   3   3   3   3   3   3   3   3   3   3   3   3   3   3   3   3
3   411191119111911191119111911191119111911191119111911191119111911191118   3
3   411191119111911191119111911191119111911191119111911191119111911191118   3
3   3   3   3   3   3   3   3   3   3   3   3   3   3   3   3   3   3   3   3
3   3   3   3   3   3   3   3   3   3   3   3   3   3   3   3   3   3   3   3
3                                                                           3
3                                                                           3
3                                                                           3
56666666666666666666666666666666666666666666666666666666666666666666666666667