133318888888888888888888888888888888888888888888888888888888888888888888888888888888888813331
188818888888888888888888888888888888888888888888888888888888888888888888888888888888888818881
188818888888888888888888888888888888888888888888888888888888888888888888888888888888888818881
188818888888888888888888888888888888888888888888888888888888888888888888888888888888888818881
133311111111111111111111111111111111111111111111111111111111111111111111111111111111111113331
188888888888888888888888888888888888888888888888888888888888888888888888888888888888888888881
180000000000000000000000000000000000000000000000000000000000000000000000000000000000000000081
180888888888888888888888888888888888888888888888888888888888888888888888888888888888888888081
180888888888888888888888888888888888888888888888888888888888888888888888888888888888888888081
180888888888888888888888888888888888888888888888888888888888888888888888888888888888888888081
180888888888888888888888888888888888888888888888888888888888888888888888888888888888888888081
180888888888888888888888888888888888888888888888888888888888888888888888888888888888888888081
180888881888188818881888188818888888188818881888188818881888888818881888188818881888188888081
180888881888188818881888188818888888188818881888188818881888888818881888188818881888188888081
180888881888188818881888188818888888188818881888188818881888888818881888188818881888188888081
180888881111111111111111111118888888111111111111111111111888888811111111111111111111188888081
180888881111111111111111111118888888111111111111111111111888888811111111111111111111188888081
180888881888188818881888188818888888188818881888188818881888888818881888188818881888188888081
180888881888188818881888188818888888188818881888188818881888888818881888188818881888188888081
180888881888188818881888188818888888188818881888188818881888888818881888188818881888188888081
180888888888888888888888888888888888888888888888888888888888888888888888888888888888888888081
180000000000000000000000000000000000000000000000000000000000000000000000000000000000000000081
188888888888888888888888888888888888888888888888888888888888888888888888888888888888888888881
188888888888888888888888888888888888888888888888888888888888888888888888888888888888888888881
188888888888888888888888888888888888888888888888888888888888888888888888888888888888888888881
188888888888888888888888888888888888888888888888888888888888888888888888888888888888888888881
188888888888888888888888888888888888888888888888888888888888888888888888888888888888888888881
188888881888188818881888188818888888188818881888188818881888888818881888188818881888188888881
188888881888188818881888188818888888188818881888188818881888888818881888188818881888188888881
188888881888188818881888188818888888188818881888188818881888888818881888188818881888188888881
188888881111111111111111111118888888111111111111111111111888888811111111111111111111188888881
188888881111111111111111111118888888111111111111111111111888888811111111111111111111188888881
188888881888188818881888188818888888188818881888188818881888888818881888188818881888188888881
188888881888188818881888188818888888188818881888188818881888888818881888188818881888188888881
188888881888188818881888188818888888188818881888188818881888888818881888188818881888188888881
188888888888888888888888888888888888888888888888888888888888888888888888888888888888888888881
188888888888888888888888888888888888888888888888888888888888888888888888888888888888888888881
188888888888888888888888888888888888888888888888888888888888888888888888888888888888888888881
188888888888888888888888888888888888888888888888888888888888888888888888888888888888888888881
188888888888888888888888888888888888888888888888888888888888888888888888888888888888888888881
188888888888888888888888888888888888888888888888888888888888888888888888888888888888888888881
188888888888888888888888888888888888888888888888888888888888888888888888888888888888888888881
111111111111111111111111111111111111111111111111111111111111111111111111111111111111111111111