11111888888888888888888888888888888888888888888888888888888888888888888813331
18081888888888888888888888888888888888888888888888888888888888888888888818081
18081888888888888888888888888888888888888888888888888888888888888888888818081
18081888888888888888888888888888888888888888888888888888888888888888888818081
18081111111111111111111111111111111111111111111111111111111111111111111118081
18488888888888888888888888888888888888888888888888888888888888888888888888581
18000000000000000000000000000000000000000000000000000000000000000000000000081
18088808880888088808880888088808880888088808880888088808880888088808880888081
18081808180818081808180818081808180818081808180818081808180818081808180818081
18081808180818081808180818081808180818081808180818081808180818081808180818081
18086666666666666666666666666666666666666666666666666666666666666666666668081
18086666666666666666666666666666666666666666666666666666666666666666666668081
18081808180818081808180818081808180818081808180818081808180818081808180818081
18081808180818081808180818081808180818081808180818081808180818081808180818081
18088808880888088808880888088808880888088808880888088808880888088808880888081
18000000000000000000000000000000000000000000000000000000000000000000000000081
18888888888888888888888888888888888888888888888888888888888888888888888888881
11111111111111111111111111111111111111111111111111111111111111111111111111111